0.20454545454545456 88 0
0.26256983240223464 90 0
0.2988505747126437 88 0
0.24 89 0
0.2023121387283237 89 0
0.24277456647398843 90 0
0.23391812865497075 89 0
0.2441860465116279 89 0
0.296551724137931 83 0
0.2441860465116279 86 0
0.2159090909090909 89 0
0.3333333333333333 89 0
0.22857142857142856 89 0
0.22857142857142856 89 0
0.4050632911392405 85 0
0.6220472440944882 78 0
0.6833333333333333 74 0
0.6776859504132231 74 0
0.6666666666666666 74 0
0.43333333333333335 80 0
0.2215909090909091 89 0
0.28160919540229884 84 0
0.4375 75 0
0.46875 72 0
0.3505747126436782 80 0
0.4134078212290503 85 0
0.3333333333333333 88 0
0.47752808988764045 86 0
0.2722222222222222 88 0
0.2849162011173184 90 0
0.3050847457627119 88 0
0.25142857142857145 87 0
0.2598870056497175 86 0
0.3407821229050279 86 0
0.3502824858757062 87 0
0.3735632183908046 86 0
0.22905027932960895 87 0
0.36312849162011174 89 0
0.21794871794871795 86 0
0.13872832369942195 89 0
0.3254437869822485 89 0
0.672566371681416 66 0
1.7704918032786885 18 1
2.477272727272727 5 1
2.7111111111111112 2 1
2.076923076923077 5 1
1.8153846153846154 16 1
1.6296296296296295 27 1
1.1204819277108433 57 0
1.1585365853658536 63 0
0.9347826086956522 89 0
0.5877862595419847 69 0
0.45454545454545453 80 0
0.2717391304347826 89 0
0.34065934065934067 79 0
0.14367816091954022 90 0
0.75 82 0
0.09467455621301775 90 0
0.22941176470588234 85 0
0.2138728323699422 89 0
0.22448979591836735 89 0
0.29797979797979796 88 0
0.21287128712871287 89 0
0.3811881188118812 84 0
0.4397590361445783 86 0
0.3111111111111111 88 0
0.5444444444444444 82 0
0.24752475247524752 89 0
0.34183673469387754 84 0
0.4022346368715084 88 0
0.2655367231638418 90 0
0.38461538461538464 86 0
0.5337837837837838 77 0
0.8270676691729323 59 0
0.8914728682170543 55 0
0.6689655172413793 69 0
0.38372093023255816 83 0
0.3314917127071823 88 0
0.32967032967032966 86 0
0.4523809523809524 79 0
0.6901408450704225 64 0
0.7323943661971831 64 0
0.4251497005988024 83 0
0.38764044943820225 89 0
0.25274725274725274 89 0
0.34911242603550297 84 0
0.8217821782178217 69 0
1.4848484848484849 27 1
3.1025641025641026 0 1
2.0952380952380953 0 1
2.3653846153846154 6 1
1.7580645161290323 17 1
1.1216216216216217 59 0
1.1204819277108433 38 0
1.0229885057471264 59 0
0.9306930693069307 57 0
0.7165354330708661 75 0
0.20567375886524822 86 0
0.11560693641618497 90 0
0.25142857142857145 89 0
0.1864406779661017 89 0
0.3271604938271605 87 0
0.7478260869565218 63 0
1.542857142857143 30 0
3.128205128205128 4 1
3.135135135135135 1 1
3.27027027027027 5 1
2.0714285714285716 16 1
1.4736842105263157 33 0
1.4320987654320987 37 0
1.5256410256410255 20 0
1.1710526315789473 35 0
0.9012345679012346 59 0
0.6041666666666666 78 0
0.5048543689320388 83 0
0.5294117647058824 81 0
0.7692307692307693 68 0
0.9761904761904762 62 0
0.9195402298850575 63 0
0.896551724137931 65 0
0.9156626506024096 58 0
1.0 53 0
0.8860759493670886 61 0
0.6354166666666666 78 0
0.6210526315789474 80 0
0.6774193548387096 74 0
0.8554216867469879 60 0
1.1466666666666667 46 0
1.2876712328767124 36 0
1.2432432432432432 36 0
1.2432432432432432 36 0
1.16 41 0
1.0126582278481013 53 0
0.7528089887640449 66 0
0.5641025641025641 76 0
0.3790849673202614 83 0
0.2122905027932961 86 0
0.18232044198895028 89 0
0.2222222222222222 87 0
0.22905027932960895 86 0
0.22598870056497175 89 0
0.5806451612903226 79 0
0.9512195121951219 48 0
1.3064516129032258 25 0
1.338235294117647 32 0
1.3098591549295775 37 0
1.2588235294117647 29 0
1.04 52 0
0.94 77 0
0.8686868686868687 78 0
0.826530612244898 74 0
0.900990099009901 71 0
0.92 66 0
0.8703703703703703 67 0
0.6030534351145038 73 0
0.24293785310734464 84 0
0.19672131147540983 88 0
0.43243243243243246 86 0
0.510752688172043 75 0
0.7795698924731183 59 0
0.553763440860215 76 0
0.3655913978494624 87 0
0.4 84 0
0.31666666666666665 87 0
0.30601092896174864 85 0
0.28415300546448086 87 0
0.32065217391304346 87 0
0.2926829268292683 89 0
0.6303030303030303 89 0
0.47674418604651164 86 0
0.25287356321839083 90 0
0.3055555555555556 90 0
0.3111111111111111 90 0
0.2833333333333333 89 0
0.2849162011173184 88 0
0.41899441340782123 82 0
0.4685714285714286 82 0
0.38333333333333336 88 0
0.42934782608695654 88 0
0.3314917127071823 90 0
0.3743016759776536 85 0
0.25136612021857924 88 0
0.21428571428571427 88 0
0.30978260869565216 87 0
0.3516483516483517 89 0
0.47093023255813954 89 0
0.5774647887323944 81 0
1.0555555555555556 58 0
1.2380952380952381 33 0
0.5789473684210527 65 0
0.42134831460674155 83 0
0.44086021505376344 85 0
0.21978021978021978 86 0
0.1286549707602339 88 0
0.24561403508771928 87 0
0.3160919540229885 85 0
0.46875 86 0
0.6428571428571429 86 0
0.6962025316455697 77 0
0.5 83 0
0.28654970760233917 83 0
0.281437125748503 85 0
0.36257309941520466 84 0
0.2857142857142857 87 0
0.26229508196721313 89 0
0.4745762711864407 87 0
0.15384615384615385 90 0
0.25 88 0
0.18604651162790697 87 0
0.25 88 0
