0.19791666666666666 87 0
0.21818181818181817 87 0
0.32947976878612717 89 0
0.3081395348837209 89 0
0.2247191011235955 88 0
0.3522727272727273 87 0
0.32954545454545453 89 0
0.3016759776536313 88 0
0.2857142857142857 89 0
0.2159090909090909 89 0
0.32947976878612717 90 0
0.14666666666666667 90 0
0.16447368421052633 86 0
0.20496894409937888 90 0
0.2375 89 0
0.46774193548387094 78 0
1.0625 43 0
2.0 15 1
1.9705882352941178 11 1
2.727272727272727 6 1
2.761904761904762 8 1
2.0526315789473686 20 0
1.1805555555555556 41 0
1.4102564102564104 39 0
1.4024390243902438 35 0
0.6 69 0
0.38016528925619836 83 0
0.1951219512195122 90 0
0.4375 78 0
0.20588235294117646 90 0
0.3333333333333333 89 0
0.21965317919075145 88 0
0.25925925925925924 88 0
0.3142857142857143 89 0
0.3867924528301887 82 0
0.449438202247191 77 0
0.42857142857142855 78 0
0.4606741573033708 76 0
0.5 73 0
0.6097560975609756 66 0
0.7974683544303798 55 0
0.8933333333333333 55 0
0.8961038961038961 61 0
0.9736842105263158 42 0
1.1323529411764706 38 0
0.974025974025974 51 0
0.8780487804878049 57 0
0.85 53 0
0.8076923076923077 58 0
0.49056603773584906 72 0
0.2653061224489796 85 0
0.2545454545454545 87 0
0.27710843373493976 88 0
0.2155688622754491 88 0
0.44171779141104295 90 0
0.20118343195266272 90 0
0.38095238095238093 90 0
0.1791044776119403 90 0
0.16551724137931034 87 0
0.20987654320987653 90 0
0.24691358024691357 88 0
0.45652173913043476 83 0
0.9662921348314607 49 0
2.152173913043478 9 1
2.8857142857142857 6 1
3.8285714285714287 2 1
2.9166666666666665 8 1
2.707317073170732 8 1
1.8113207547169812 25 0
1.8923076923076922 28 0
2.0615384615384613 12 0
0.8571428571428571 61 0
0.6767676767676768 82 0
1.0833333333333333 22 0
0.10588235294117647 90 0
0.3374233128834356 83 0
0.6952380952380952 82 0
1.3114754098360655 34 0
2.25 2 1
2.2666666666666666 5 1
2.238095238095238 10 1
1.8043478260869565 24 1
1.894736842105263 24 1
1.8 22 1
1.352112676056338 31 0
1.0612244897959184 46 0
0.7982456140350878 66 0
0.12371134020618557 89 0
